kinematics:
  shoulder:
    x: 0
    y: 0
    z: 0.1519391162598066
    roll: -0
    pitch: 0
    yaw: -5.259671762730189e-05
  upper_arm:
    x: 1.914368196060695e-05
    y: 0
    z: 0
    roll: 1.570617786301539
    pitch: 0
    yaw: -1.728184581562471e-05
  forearm:
    x: -0.2436675908870268
    y: 0
    z: 0
    roll: 3.141473746600873
    pitch: 3.141355052553395
    yaw: -3.141579521543068
  wrist_1:
    x: -0.2132658198054425
    y: -0.0006309544424548797
    z: 0.1123604098728335
    roll: 0.005615392568164571
    pitch: -0.00016032160864709
    yaw: 3.647811257440493e-05
  wrist_2:
    x: -1.547857989376288e-05
    y: -0.08526724305227915
    z: -4.029533419998575e-05
    roll: 1.57126890371609
    pitch: 0
    yaw: -3.668776599465547e-05
  wrist_3:
    x: 1.880077748673068e-05
    y: 0.0822197794144981
    z: -3.458289915508977e-05
    roll: 1.570375711495732
    pitch: 3.141592653589793
    yaw: -3.141557887329475
  hash: calib_9155540278943805244